[aeOptions]
debug_level = 2
#no_log_file = "./logs/run_" + datetime.datetime.now().strftime("%y%m%d_%H%M%S_%f") + ".log"

[aeAppState]
app_state_version = 6
cancel_ink = [0.99, 0.06, 0.12, 0.87]
confirm_ink = [0.06, 0.99, 0.09, 0.87]
create_ink = [0.06, 0.99, 0.42, 0.87]
delete_ink = [0.96, 0.09, 0.12, 0.87]
error_ink = [0.99, 0.69, 0.69, 0.87]
flow_id = ''
flow_id_ink = [0.96, 0.99, 0.12, 0.87]
flow_path = []
flow_path_ink = [0.93, 0.87, 0.09, 0.87]
font_size = -27.0
help_ink = [0.09, 0.69, 0.96, 0.87]
info_ink = [0.09, 0.99, 0.96, 0.87]
light_theme = False
read_ink = [0.09, 0.99, 0.69, 0.87]
selected_ink = [0.39, 0.93, 0.177, 0.807]
sound_volume = 0.21
theme_names = ['Pastel Light', 'Neon Dark']
unselected_ink = [0.545, 0.657, 0.93, 0.801]
update_ink = [0.96, 0.99, 0.39, 0.87]
vibration_volume = 0.3
warn_ink = [0.99, 0.78, 0.69, 0.87]
win_rectangle = ()

file_chooser_initial_path = ''
file_chooser_paths = []
sideloading_active = ()

[aeTheme_Pastel Light]
MUSASV_cancel_ink = [0.99, 0.06, 0.12, 0.87]
MUSASV_confirm_ink = [0.06, 0.99, 0.09, 0.87]
MUSASV_create_ink = [0.39, 0.9882, 0.687, 0.69]
MUSASV_delete_ink = [0.9882, 0.68877, 0.68877, 0.69]
MUSASV_error_ink = [0.9882, 0.57, 0.672, 0.69]
MUSASV_flow_id_ink = [0.63, 0.921, 0.927, 0.882]
MUSASV_flow_path_ink = [1, 1.0, 0.987, 0.864]
MUSASV_font_size = -27.0
MUSASV_help_ink = [0.09, 0.69, 0.99, 0.69]
MUSASV_info_ink = [0.9882, 0.9882, 0.09, 0.69]
MUSASV_light_theme = True
MUSASV_read_ink = [0.444, 0.9882, 0.69, 0.531]
MUSASV_selected_ink = [0.465, 1.0, 0.93, 0.42]
MUSASV_unselected_ink = [0.882, 0.7452, 1.0, 0.807]
MUSASV_update_ink = [0.84, 0.4893, 0.9882, 0.291]
MUSASV_warn_ink = [0.9882, 0.891, 0.717, 0.69]

[aeTheme_Neon Dark]
MUSASV_cancel_ink = [0.99, 0.06, 0.12, 0.87]
MUSASV_confirm_ink = [0.06, 0.99, 0.09, 0.87]
MUSASV_create_ink = [0.0, 0.9882, 0.8397, 0.558]
MUSASV_delete_ink = [1.0, 0.0, 0.3195, 0.6564]
MUSASV_error_ink = [1.0, 0.0, 0.762, 0.495]
MUSASV_flow_id_ink = [0.18447, 0.201, 1.0, 0.882]
MUSASV_flow_path_ink = [0.0117, 0.564, 1.0, 0.4737]
MUSASV_font_size = -27.0
MUSASV_help_ink = [0.09, 0.69, 0.99, 0.78]
MUSASV_info_ink = [1.0, 0.495, 0.0, 0.798]
MUSASV_light_theme = False
MUSASV_read_ink = [0.0, 0.912, 1.0, 0.4071]
MUSASV_selected_ink = [0.951, 0.033, 0.96, 0.51]
MUSASV_unselected_ink = [0.006, 0.42, 1.0, 0.432]
MUSASV_update_ink = [0.678, 0.15, 1.0, 0.648]
MUSASV_warn_ink = [1, 0.63, 0.0, 0.84]
